seq HelT1 HelT2 MGW ProT Roll1 Roll2
AAAAA 37.74 38.01 3.38 -16.51 -5.05 -5.09
AAAAT 36.93 37.68 3.63 -14.89 -3.56 -5.12
AAAAG 37.02 37.18 3.68 -14.68 -4.23 -6.47
AAAAC 37.13 36.95 4.05 -14.47 -3.62 -4.80
AAATA 37.22 33.85 3.79 -12.63 -3.91 -6.42
AAATT 37.52 35.11 2.85 -14.95 -5.00 -8.57
AAATG 36.86 33.42 3.84 -11.76 -4.21 -7.00
AAATC 36.55 33.42 4.12 -12.27 -2.43 -5.36
AAAGA 36.69 33.18 4.02 -10.71 -4.76 -3.21
AAAGT 36.93 33.88 3.35 -11.68 -6.36 -4.78
AAAGG 35.88 32.79 4.05 -9.21 -4.80 -5.06
AAAGC 36.56 32.81 4.03 -10.58 -5.07 -3.95
AAACA 36.59 35.22 4.65 -13.05 -2.98 -2.89
AAACT 35.86 36.86 3.85 -12.78 -4.30 -5.49
AAACG 36.57 35.48 4.43 -13.15 -2.94 -3.27
AAACC 36.34 36.20 4.06 -12.41 -3.75 -4.65
AATAA 32.44 34.83 5.53 -9.65 -3.91 8.21
AATAT 33.17 35.25 4.80 -10.43 -5.48 6.33
AATAG 33.54 35.89 4.65 -11.61 -5.98 3.47
AATAC 32.78 34.79 5.30 -10.45 -4.27 6.24
AATTA 33.31 35.92 4.36 -12.20 -5.21 -2.38
AATTT 35.11 37.52 2.85 -14.95 -8.57 -5.00
AATTG 33.37 35.62 4.24 -11.93 -5.32 -2.97
AATTC 33.75 36.17 3.75 -11.18 -6.49 -3.59
AATGA 32.87 34.98 4.46 -9.02 -6.08 3.80
AATGT 33.25 36.13 4.27 -10.82 -6.17 4.78
AATGG 32.12 34.87 5.08 -8.98 -4.16 3.60
AATGC 32.67 35.25 4.89 -9.59 -5.22 3.59
AATCA 33.01 36.14 4.46 -9.91 -4.75 -1.08
AATCT 33.30 37.53 3.75 -10.31 -6.11 -2.71
AATCG 32.89 36.19 4.56 -9.51 -4.90 -0.80
AATCC 33.31 36.57 4.19 -9.67 -5.81 -0.90
AAGAA 32.30 36.52 4.80 -3.46 -1.79 -0.63
AAGAT 32.88 37.56 3.90 -3.55 -3.96 -3.29
AAGAG 32.31 35.92 4.68 -3.22 -1.76 -1.36
AAGAC 32.56 36.40 4.65 -3.82 -2.15 -2.37
AAGTA 33.24 35.21 4.03 -4.26 -3.52 -4.72
AAGTT 33.58 36.30 3.34 -6.26 -3.62 -5.19
AAGTG 33.10 34.91 4.14 -4.48 -2.79 -4.51
AAGTC 33.16 35.44 3.74 -4.07 -4.01 -5.04
AAGGA 32.55 34.90 4.31 -1.33 -3.38 -1.91
AAGGT 32.53 35.68 3.75 -1.48 -4.81 -3.27
AAGGG 31.94 34.22 4.42 -0.14 -3.37 -3.54
AAGGC 32.34 34.57 4.51 -1.50 -2.75 -2.62
AAGCA 32.29 37.13 4.61 -1.47 -3.05 -3.31
AAGCT 32.14 38.05 4.14 -1.56 -3.24 -4.35
AAGCG 32.27 37.15 4.63 -1.91 -2.38 -2.72
AAGCC 32.49 37.74 4.17 -1.55 -3.70 -4.34
AACAA 34.60 35.64 4.97 -10.17 -2.29 6.26
AACAT 35.12 35.94 4.30 -10.22 -3.23 5.76
AACAG 34.88 34.91 4.95 -9.26 -2.40 5.23
AACAC 34.68 35.07 5.05 -9.40 -2.42 4.19
AACTA 35.56 32.10 4.24 -6.07 -4.24 -3.90
AACTT 36.30 33.58 3.34 -6.26 -5.19 -3.62
AACTG 35.45 31.73 4.49 -5.42 -3.28 -1.85
AACTC 36.03 32.41 3.95 -5.23 -4.38 -3.01
AACGA 34.71 33.66 4.80 -9.62 -2.49 5.41
AACGT 35.24 34.53 4.21 -10.39 -3.43 5.64
AACGG 35.14 33.45 4.62 -10.04 -3.07 3.74
AACGC 35.06 33.41 4.64 -9.91 -2.93 4.64
AACCA 35.26 34.89 4.33 -8.86 -3.30 -0.59
AACCT 35.92 35.61 3.64 -8.15 -4.78 -2.23
AACCG 35.23 34.48 4.36 -7.97 -3.13 -0.65
AACCC 35.80 34.89 4.03 -7.68 -4.18 -1.38
ATAAA 34.60 35.94 5.66 -12.37 8.13 -0.95
ATAAT 35.02 35.90 5.28 -11.27 6.41 -2.76
ATAAG 35.15 35.03 5.48 -10.54 6.31 -3.47
ATAAC 34.54 35.50 5.62 -10.51 6.14 -3.50
ATATA 34.46 32.12 5.76 -8.95 8.32 -2.62
ATATT 35.25 33.17 4.80 -10.43 6.33 -5.48
ATATG 35.37 32.04 5.32 -8.33 5.85 -4.26
ATATC 35.01 32.32 5.40 -8.30 6.33 -3.98
ATAGA 34.25 31.88 5.69 -7.03 6.34 -1.51
ATAGT 35.53 31.86 4.86 -8.26 3.79 -3.25
ATAGG 34.50 31.71 5.60 -6.87 5.54 -2.45
ATAGC 34.96 31.21 5.37 -6.84 4.96 -2.59
ATACA 34.63 34.26 5.82 -8.93 5.89 -2.07
ATACT 34.44 34.73 5.37 -8.21 6.22 -2.71
ATACG 34.59 34.16 5.53 -9.05 5.89 -2.22
ATACC 34.56 34.69 5.46 -8.36 5.39 -2.59
ATTAA 35.37 34.44 5.58 -11.32 -2.12 8.64
ATTAT 35.90 35.02 5.28 -11.27 -2.76 6.41
ATTAG 35.33 34.46 5.57 -11.58 -1.62 7.71
ATTAC 35.53 34.68 5.44 -11.34 -2.51 5.03
ATTTA 36.55 35.79 4.75 -13.87 -2.36 -0.94
ATTTT 37.68 36.93 3.63 -14.89 -5.12 -3.56
ATTTG 37.28 35.49 4.12 -13.36 -4.68 -3.54
ATTTC 36.70 35.77 4.27 -12.09 -4.40 -3.13
ATTGA 34.93 34.60 5.46 -10.92 -2.10 7.05
ATTGT 35.45 35.55 5.03 -11.94 -2.43 6.33
ATTGG 34.93 34.40 5.30 -10.72 -2.07 5.06
ATTGC 35.34 34.49 5.15 -10.60 -2.92 3.90
ATTCA 36.06 35.03 5.22 -10.83 -2.45 0.21
ATTCT 36.11 36.60 4.43 -10.15 -3.86 -1.42
ATTCG 35.86 35.52 4.88 -10.56 -2.98 -0.24
ATTCC 35.60 35.99 4.69 -9.61 -3.73 -0.88
ATGAA 35.03 35.39 5.50 -6.07 5.73 0.04
ATGAT 34.82 36.14 4.79 -6.15 3.79 -1.32
ATGAG 34.93 35.10 5.23 -6.05 5.69 -1.52
ATGAC 35.10 35.47 5.45 -6.37 5.16 -2.06
ATGTA 35.76 34.06 5.27 -7.40 5.57 -2.14
ATGTT 35.94 35.12 4.30 -10.22 5.76 -3.23
ATGTG 35.86 33.53 5.15 -8.83 6.57 -2.22
ATGTC 35.42 34.24 5.02 -7.10 4.90 -2.83
ATGGA 34.46 33.69 5.34 -3.37 4.34 -0.26
ATGGT 34.88 34.55 4.97 -4.33 4.04 -1.22
ATGGG 34.56 33.45 5.19 -2.37 3.38 -2.51
ATGGC 34.93 33.39 5.23 -3.12 3.68 -2.18
ATGCA 35.12 35.60 5.55 -3.73 4.66 -1.20
ATGCT 34.56 36.89 5.23 -3.68 4.59 -2.20
ATGCG 35.00 35.58 5.60 -4.03 5.09 -0.76
ATGCC 34.66 36.28 5.33 -3.12 4.26 -1.93
ATCAA 35.38 34.60 5.52 -7.12 0.04 6.62
ATCAT 36.14 34.82 4.79 -6.15 -1.32 3.79
ATCAG 35.80 34.24 5.34 -6.55 -0.36 4.36
ATCAC 35.64 34.03 5.35 -6.53 -0.51 3.72
ATCTA 36.79 31.29 4.74 -3.20 -1.24 -2.21
ATCTT 37.56 32.88 3.90 -3.55 -3.29 -3.96
ATCTG 36.37 31.12 4.98 -2.70 -0.33 -2.27
ATCTC 36.47 31.47 4.74 -2.78 -1.46 -2.16
ATCGA 35.76 32.77 5.23 -7.08 -0.54 5.51
ATCGT 36.22 33.64 4.80 -6.85 -1.68 4.65
ATCGG 35.60 32.57 5.25 -7.15 -0.66 3.63
ATCGC 35.82 32.49 5.28 -6.96 -0.66 4.15
ATCCA 36.24 33.69 4.94 -5.70 -0.96 -0.54
ATCCT 36.16 34.37 4.51 -5.29 -1.25 -1.41
ATCCG 36.59 32.93 4.47 -4.49 -2.07 -2.34
ATCCC 36.09 33.66 4.81 -4.91 -1.49 -1.06
AGAAA 36.43 36.02 4.74 -10.55 -0.69 -2.61
AGAAT 36.60 36.11 4.43 -10.15 -1.42 -3.86
AGAAG 36.79 35.47 4.50 -10.30 -1.65 -4.10
AGAAC 36.45 35.70 4.85 -10.59 -0.56 -3.03
AGATA 36.52 32.48 4.72 -8.23 -1.03 -4.23
AGATT 37.53 33.30 3.75 -10.31 -2.71 -6.11
AGATG 36.48 32.25 4.66 -7.85 -1.27 -5.19
AGATC 36.68 32.82 4.36 -8.23 -1.69 -5.53
AGAGA 35.80 31.70 5.00 -6.62 -1.55 -1.87
AGAGT 35.66 31.76 4.86 -7.83 -0.84 -1.51
AGAGG 35.39 31.44 4.97 -6.38 -1.11 -2.60
AGAGC 35.84 31.62 5.04 -6.50 -1.41 -2.48
AGACA 36.49 34.36 4.99 -8.49 -1.88 -2.80
AGACT 36.01 34.89 4.57 -7.81 -2.00 -3.59
AGACG 36.41 34.44 4.83 -8.81 -2.02 -2.95
AGACC 36.10 34.74 4.73 -8.04 -1.90 -3.14
AGTAA 34.75 34.55 5.37 -7.55 -3.91 5.33
AGTAT 34.73 34.44 5.37 -8.21 -2.71 6.22
AGTAG 35.18 34.13 5.20 -8.16 -4.12 4.64
AGTAC 34.74 33.82 5.54 -8.16 -2.73 4.94
AGTTA 35.60 34.85 4.67 -10.74 -3.98 -3.30
AGTTT 36.86 35.86 3.85 -12.78 -5.49 -4.30
AGTTG 36.24 34.76 4.38 -11.29 -4.47 -3.88
AGTTC 35.93 35.24 4.25 -10.45 -4.54 -3.79
AGTGA 34.23 33.87 5.22 -7.10 -3.58 3.56
AGTGT 34.67 34.61 5.10 -8.48 -3.51 3.69
AGTGG 34.38 34.11 5.31 -7.40 -2.95 2.64
AGTGC 34.58 33.99 5.30 -7.68 -3.54 2.74
AGTCA 35.06 35.14 4.89 -8.11 -3.69 -1.77
AGTCT 34.89 36.01 4.57 -7.81 -3.59 -2.00
AGTCG 35.27 35.38 4.59 -8.15 -4.46 -2.31
AGTCC 34.97 35.78 4.51 -7.34 -4.26 -2.46
AGGAA 34.39 36.26 4.76 -4.88 -1.44 -1.30
AGGAT 34.37 36.16 4.51 -5.29 -1.41 -1.25
AGGAG 34.13 36.23 4.63 -4.81 -1.32 -2.62
AGGAC 34.49 36.03 4.81 -5.39 -0.96 -2.19
AGGTA 35.24 34.69 4.33 -5.43 -2.81 -4.49
AGGTT 35.61 35.92 3.64 -8.15 -2.23 -4.78
AGGTG 35.25 34.31 4.42 -6.64 -1.65 -3.26
AGGTC 35.04 34.84 4.18 -5.67 -2.46 -3.96
AGGGA 33.86 33.60 4.68 -1.76 -2.51 -1.61
AGGGT 34.17 34.42 4.29 -2.62 -3.17 -2.05
AGGGG 33.78 33.61 4.62 -1.32 -2.55 -2.41
AGGGC 34.00 33.54 4.73 -1.88 -2.27 -2.16
AGGCA 34.03 36.26 4.82 -2.38 -2.06 -2.41
AGGCT 34.00 37.47 4.33 -2.34 -2.71 -3.85
AGGCG 34.34 36.31 4.77 -2.82 -2.10 -2.16
AGGCC 33.71 36.64 4.72 -2.20 -1.89 -2.34
AGCAA 36.94 34.41 5.08 -3.36 -3.02 3.78
AGCAT 36.89 34.56 5.23 -3.68 -2.20 4.59
AGCAG 36.97 33.86 5.16 -3.60 -2.72 3.76
AGCAC 36.67 34.03 5.43 -3.79 -1.72 2.81
AGCTA 37.56 31.13 4.88 -1.30 -2.66 -2.32
AGCTT 38.05 32.14 4.14 -1.56 -4.35 -3.24
AGCTG 37.48 31.01 4.80 -1.38 -2.49 -2.54
AGCTC 37.66 31.33 4.63 -0.83 -3.25 -2.86
AGCGA 36.83 32.44 5.19 -3.56 -2.29 4.15
AGCGT 37.02 33.00 4.86 -3.93 -2.63 3.70
AGCGG 36.72 32.34 5.15 -3.78 -1.90 2.44
AGCGC 36.76 32.08 5.18 -3.87 -1.92 2.89
AGCCA 37.62 33.35 4.53 -2.76 -3.86 -2.44
AGCCT 37.47 34.00 4.33 -2.34 -3.85 -2.71
AGCCG 37.23 33.27 4.83 -3.04 -2.14 -1.44
AGCCC 37.30 33.51 4.61 -2.48 -2.95 -1.98
ACAAA 35.41 35.77 5.21 -12.03 6.09 -2.56
ACAAT 35.55 35.45 5.03 -11.94 6.33 -2.43
ACAAG 35.43 35.05 5.19 -10.72 5.65 -3.95
ACAAC 35.22 35.25 5.58 -11.70 6.20 -3.26
ACATA 35.48 32.21 5.14 -8.52 4.85 -4.73
ACATT 36.13 33.25 4.27 -10.82 4.78 -6.17
ACATG 35.70 32.00 4.99 -10.15 5.73 -4.67
ACATC 35.37 32.37 4.82 -8.65 5.15 -4.91
ACAGA 35.00 31.60 5.33 -7.00 3.72 -1.93
ACAGT 34.72 31.75 5.20 -8.12 4.57 -1.83
ACAGG 34.61 31.34 5.29 -6.78 4.68 -2.48
ACAGC 35.03 31.35 5.31 -7.34 5.07 -2.10
ACACA 35.28 33.88 5.50 -9.33 2.96 -2.65
ACACT 34.61 34.67 5.10 -8.48 3.69 -3.51
ACACG 35.35 33.84 5.47 -9.43 4.66 -2.25
ACACC 34.83 34.36 5.31 -8.57 3.95 -2.95
ACTAA 31.57 34.45 5.73 -8.10 -0.98 7.88
ACTAT 31.86 35.53 4.86 -8.26 -3.25 3.79
ACTAG 32.22 35.00 5.13 -7.44 -2.86 3.55
ACTAC 31.68 34.24 5.62 -8.16 -1.63 4.89
ACTTA 33.06 35.16 4.48 -9.96 -2.87 -3.58
ACTTT 33.88 36.93 3.35 -11.68 -4.78 -6.36
ACTTG 33.13 34.94 4.52 -10.21 -2.35 -3.59
ACTTC 32.77 35.22 4.31 -8.83 -3.34 -4.20
ACTGA 31.46 34.41 5.48 -7.10 -1.92 4.75
ACTGT 31.75 34.72 5.20 -8.12 -1.83 4.57
ACTGG 31.51 34.39 5.32 -7.24 -1.82 3.06
ACTGC 31.49 33.95 5.40 -7.79 -1.42 3.67
ACTCA 32.14 35.29 4.89 -7.50 -2.78 -1.75
ACTCT 31.76 35.66 4.86 -7.83 -1.51 -0.84
ACTCG 31.96 35.21 4.93 -7.78 -1.90 -1.04
ACTCC 31.81 35.76 4.73 -6.75 -2.84 -2.04
ACGAA 33.73 36.00 5.21 -6.66 5.06 -0.84
ACGAT 33.64 36.22 4.80 -6.85 4.65 -1.68
ACGAG 33.69 35.94 5.13 -6.50 4.47 -2.01
ACGAC 33.73 35.70 5.34 -6.61 5.01 -2.42
ACGTA 34.34 34.30 4.84 -7.92 5.09 -2.68
ACGTT 34.53 35.24 4.21 -10.39 5.64 -3.43
ACGTG 34.48 34.05 4.85 -8.78 5.64 -3.13
ACGTC 34.30 34.58 4.70 -7.92 5.05 -3.06
ACGGA 33.01 34.60 5.06 -3.36 2.56 -2.10
ACGGT 33.29 34.47 4.73 -4.79 3.68 -1.20
ACGGG 33.23 33.75 4.92 -2.81 2.76 -2.05
ACGGC 33.55 33.79 5.08 -3.97 3.91 -1.58
ACGCA 33.71 35.83 5.27 -4.25 4.21 -1.26
ACGCT 33.00 37.02 4.86 -3.93 3.70 -2.63
ACGCG 33.20 35.90 5.20 -4.73 4.51 -1.39
ACGCC 33.32 36.67 5.08 -3.63 3.67 -2.09
ACCAA 34.70 34.60 5.08 -4.69 -0.94 4.34
ACCAT 34.55 34.88 4.97 -4.33 -1.22 4.04
ACCAG 34.39 34.21 5.19 -4.44 -0.64 3.13
ACCAC 34.37 34.18 5.38 -5.00 -0.49 3.35
ACCTA 34.99 31.46 4.68 -1.54 -1.78 -2.96
ACCTT 35.68 32.53 3.75 -1.48 -3.27 -4.81
ACCTG 35.08 31.38 4.54 -1.68 -1.63 -2.97
ACCTC 34.93 31.49 4.37 -0.88 -2.35 -3.46
ACCGA 34.18 32.64 5.02 -4.29 -0.94 3.35
ACCGT 34.47 33.29 4.73 -4.79 -1.20 3.68
ACCGG 34.12 32.44 5.16 -5.03 -0.44 2.54
ACCGC 34.31 32.31 5.08 -4.55 -0.62 2.79
ACCCA 34.63 33.53 4.66 -3.38 -1.42 -2.00
ACCCT 34.42 34.17 4.29 -2.62 -2.05 -3.17
ACCCG 34.56 33.51 4.70 -3.53 -0.94 -1.76
ACCCC 34.28 33.44 4.58 -2.37 -1.80 -2.40
TAAAA 35.60 36.72 4.89 -13.29 -2.46 -2.75
TAAAT 35.79 36.55 4.75 -13.87 -0.94 -2.36
TAAAG 35.70 36.11 4.70 -12.85 -1.56 -3.87
TAAAC 35.72 36.40 5.10 -13.54 -1.29 -2.84
TAATA 35.37 32.48 5.11 -9.98 -2.19 -3.92
TAATT 35.92 33.31 4.36 -12.20 -2.38 -5.21
TAATG 35.43 32.40 4.90 -10.52 -2.15 -4.86
TAATC 35.28 32.72 4.81 -10.25 -2.32 -4.51
TAAGA 34.89 32.43 4.93 -8.51 -3.37 -2.51
TAAGT 35.16 33.06 4.48 -9.96 -3.58 -2.87
TAAGG 34.66 32.34 4.81 -8.13 -3.71 -4.02
TAAGC 34.85 32.17 5.01 -8.92 -2.87 -2.56
TAACA 35.32 34.78 5.17 -11.35 -2.39 -2.47
TAACT 34.85 35.60 4.67 -10.74 -3.30 -3.98
TAACG 35.27 34.89 5.15 -11.31 -2.63 -2.83
TAACC 35.08 35.30 4.87 -10.83 -3.03 -3.26
TATAA 31.78 34.57 6.07 -7.14 -3.01 7.31
TATAT 32.12 34.46 5.76 -8.95 -2.62 8.32
TATAG 31.96 34.63 5.79 -7.69 -3.10 5.66
TATAC 31.78 34.63 6.01 -7.88 -2.80 5.60
TATTA 32.48 35.37 5.11 -9.98 -3.92 -2.19
TATTT 33.85 37.22 3.79 -12.63 -6.42 -3.91
TATTG 32.40 35.12 5.02 -9.70 -3.90 -2.87
TATTC 32.92 35.93 4.51 -10.01 -4.85 -3.10
TATGA 31.46 35.10 5.84 -7.00 -3.24 4.95
TATGT 32.21 35.48 5.14 -8.52 -4.73 4.85
TATGG 31.26 34.97 5.88 -6.69 -2.84 3.24
TATGC 31.62 34.78 5.76 -8.11 -2.97 5.20
TATCA 31.94 35.75 5.38 -7.32 -3.40 -1.13
TATCT 32.48 36.52 4.72 -8.23 -4.23 -1.03
TATCG 31.89 35.68 5.32 -7.63 -3.35 -0.47
TATCC 32.31 36.04 4.98 -7.47 -4.17 -1.31
TAGAA 31.57 36.55 5.33 -3.73 -1.40 -0.49
TAGAT 31.29 36.79 4.74 -3.20 -2.21 -1.24
TAGAG 31.40 35.31 5.41 -3.22 -1.35 -0.44
TAGAC 31.64 36.16 5.32 -3.62 -1.45 -1.45
TAGTA 31.63 34.42 5.33 -3.97 -1.21 -2.12
TAGTT 32.10 35.56 4.24 -6.07 -3.90 -4.24
TAGTG 31.70 34.28 5.11 -4.24 -1.38 -2.73
TAGTC 31.53 34.57 5.08 -3.90 -1.00 -2.07
TAGGA 31.66 34.64 4.98 -1.39 -2.51 -0.97
TAGGT 31.46 34.99 4.68 -1.54 -2.96 -1.78
TAGGG 31.16 34.12 4.99 -0.56 -2.67 -2.27
TAGGC 31.51 34.04 4.97 -1.23 -2.47 -1.96
TAGCA 31.39 36.48 5.36 -1.60 -2.09 -1.50
TAGCT 31.13 37.56 4.88 -1.30 -2.32 -2.66
TAGCG 31.38 36.72 5.22 -1.63 -2.20 -1.71
TAGCC 31.35 37.31 5.00 -1.22 -2.77 -2.39
TACAA 33.40 35.27 5.89 -7.17 -1.49 5.80
TACAT 34.06 35.76 5.27 -7.40 -2.14 5.57
TACAG 33.82 34.82 5.41 -6.49 -1.95 3.96
TACAC 33.60 34.99 5.74 -6.58 -2.01 3.40
TACTA 34.42 31.63 5.33 -3.97 -2.12 -1.21
TACTT 35.21 33.24 4.03 -4.26 -4.72 -3.52
TACTG 34.47 31.52 5.13 -4.20 -2.15 -1.74
TACTC 34.56 31.76 4.69 -3.05 -3.67 -2.76
TACGA 33.57 33.73 5.61 -6.48 -1.92 4.91
TACGT 34.30 34.34 4.84 -7.92 -2.68 5.09
TACGG 33.73 33.27 5.33 -6.70 -2.19 2.74
TACGC 33.93 33.14 5.32 -7.22 -2.07 4.31
TACCA 34.38 34.30 5.13 -5.96 -2.45 -0.68
TACCT 34.69 35.24 4.33 -5.43 -4.49 -2.81
TACCG 34.43 34.27 4.96 -5.99 -2.35 -0.83
TACCC 34.53 34.33 4.71 -5.01 -3.44 -1.79
TTAAA 34.67 35.63 5.73 -10.70 5.72 -3.00
TTAAT 34.44 35.37 5.58 -11.32 8.64 -2.12
TTAAG 34.81 34.68 5.58 -9.57 6.23 -3.71
TTAAC 34.36 35.05 5.85 -10.44 7.53 -2.86
TTATA 34.57 31.78 6.07 -7.14 7.31 -3.01
TTATT 34.83 32.44 5.53 -9.65 8.21 -3.91
TTATG 34.54 31.48 6.02 -8.06 7.92 -3.28
TTATC 34.59 31.94 5.89 -7.66 7.32 -3.54
TTAGA 34.40 31.27 6.00 -6.61 6.26 -1.11
TTAGT 34.45 31.57 5.73 -8.10 7.88 -0.98
TTAGG 34.35 31.45 5.96 -5.77 5.87 -2.83
TTAGC 34.68 31.43 5.82 -6.12 5.63 -2.69
TTACA 34.60 33.74 5.99 -7.55 6.03 -2.10
TTACT 34.55 34.75 5.37 -7.55 5.33 -3.91
TTACG 34.26 33.58 6.11 -7.71 6.35 -1.95
TTACC 34.64 34.56 5.43 -7.21 5.01 -3.71
TTTAA 35.63 34.67 5.73 -10.70 -3.00 5.72
TTTAT 35.94 34.60 5.66 -12.37 -0.95 8.13
TTTAG 35.72 34.35 5.82 -11.18 -1.41 6.08
TTTAC 35.53 34.25 5.91 -11.89 -0.99 6.47
TTTTA 36.72 35.60 4.89 -13.29 -2.75 -2.46
TTTTT 38.01 37.74 3.38 -16.51 -5.09 -5.05
TTTTG 36.92 35.51 4.76 -13.79 -2.76 -2.19
TTTTC 37.00 36.32 4.35 -13.16 -4.32 -3.67
TTTGA 35.30 34.64 5.60 -10.28 -2.67 5.24
TTTGT 35.77 35.41 5.21 -12.03 -2.56 6.09
TTTGG 35.20 34.57 5.42 -9.32 -3.10 2.51
TTTGC 35.29 34.35 5.41 -10.88 -3.68 3.96
TTTCA 35.90 34.89 5.40 -10.81 -1.64 0.49
TTTCT 36.02 36.43 4.74 -10.55 -2.61 -0.69
TTTCG 35.88 35.62 4.98 -10.58 -2.61 -0.38
TTTCC 35.97 36.46 4.63 -10.09 -3.36 -1.41
TTGAA 34.59 34.80 6.00 -5.98 5.46 0.18
TTGAT 34.60 35.38 5.52 -7.12 6.62 0.04
TTGAG 34.65 34.56 5.90 -6.36 5.89 -0.68
TTGAC 34.61 34.78 5.91 -7.07 6.83 -0.77
TTGTA 35.27 33.40 5.89 -7.17 5.80 -1.49
TTGTT 35.64 34.60 4.97 -10.17 6.26 -2.29
TTGTG 35.72 33.59 5.20 -8.23 6.07 -2.40
TTGTC 34.98 33.76 5.57 -7.48 6.28 -1.95
TTGGA 34.57 33.66 5.42 -2.74 2.70 -1.03
TTGGT 34.60 34.70 5.08 -4.69 4.34 -0.94
TTGGG 34.28 32.76 5.44 -3.45 6.64 -0.64
TTGGC 34.72 33.00 5.56 -3.85 4.45 -1.23
TTGCA 34.61 35.49 5.78 -3.80 4.60 -1.25
TTGCT 34.41 36.94 5.08 -3.36 3.78 -3.02
TTGCG 34.85 35.42 5.81 -4.14 4.82 -0.77
TTGCC 34.50 36.34 5.30 -3.14 3.97 -2.26
TTCAA 34.80 34.59 6.00 -5.98 0.18 5.46
TTCAT 35.39 35.03 5.50 -6.07 0.04 5.73
TTCAG 35.08 34.21 5.93 -5.95 0.57 5.37
TTCAC 34.80 34.78 5.94 -6.21 0.69 4.07
TTCTA 36.55 31.57 5.33 -3.73 -0.49 -1.40
TTCTT 36.52 32.30 4.80 -3.46 -0.63 -1.79
TTCTG 36.46 31.59 5.14 -3.52 -0.54 -1.90
TTCTC 36.61 31.51 4.67 -2.40 -1.63 -2.79
TTCGA 34.95 32.98 5.75 -5.99 0.19 5.38
TTCGT 36.00 33.73 5.21 -6.66 -0.84 5.06
TTCGG 35.61 32.67 5.38 -6.08 -0.53 2.76
TTCGC 35.53 32.71 5.53 -6.08 -0.23 3.79
TTCCA 36.04 33.80 4.97 -5.20 -0.69 -0.87
TTCCT 36.26 34.39 4.76 -4.88 -1.30 -1.44
TTCCG 35.82 34.24 5.09 -5.36 -1.80 -1.46
TTCCC 36.01 33.66 4.73 -4.39 -0.97 -1.61
TGAAA 34.89 35.90 5.40 -10.81 0.49 -1.64
TGAAT 35.03 36.06 5.22 -10.83 0.21 -2.45
TGAAG 35.10 35.14 5.15 -10.24 0.22 -3.01
TGAAC 35.12 35.57 5.35 -10.38 0.09 -2.98
TGATA 35.75 31.94 5.38 -7.32 -1.13 -3.40
TGATT 36.14 33.01 4.46 -9.91 -1.08 -4.75
TGATG 35.36 31.93 5.22 -8.13 -0.46 -3.98
TGATC 35.60 32.48 4.77 -7.81 -1.37 -4.67
TGAGA 35.17 31.77 5.29 -6.62 -1.29 -2.02
TGAGT 35.29 32.14 4.89 -7.50 -1.75 -2.78
TGAGG 34.61 31.54 5.30 -6.36 -0.98 -2.49
TGAGC 34.81 31.45 5.40 -6.75 -0.90 -2.11
TGACA 35.30 34.20 5.43 -8.28 -1.53 -2.49
TGACT 35.14 35.06 4.89 -8.11 -1.77 -3.69
TGACG 35.16 34.29 5.39 -8.47 -1.16 -2.40
TGACC 35.47 34.83 4.94 -7.96 -2.01 -3.46
TGTAA 33.74 34.60 5.99 -7.55 -2.10 6.03
TGTAT 34.26 34.63 5.82 -8.93 -2.07 5.89
TGTAG 33.91 35.06 5.74 -8.60 -3.23 3.24
TGTAC 33.68 34.52 6.20 -8.00 -1.75 4.26
TGTTA 34.78 35.32 5.17 -11.35 -2.47 -2.39
TGTTT 35.22 36.59 4.65 -13.05 -2.89 -2.98
TGTTG 34.70 35.19 5.24 -11.69 -2.50 -2.78
TGTTC 34.81 35.68 4.85 -10.91 -2.74 -3.14
TGTGA 33.59 34.48 5.84 -7.82 -2.33 3.97
TGTGT 33.88 35.28 5.50 -9.33 -2.65 2.96
TGTGG 33.07 34.79 5.80 -7.33 -1.82 2.59
TGTGC 33.55 35.01 5.94 -8.30 -1.85 3.31
TGTCA 34.20 35.30 5.43 -8.28 -2.49 -1.53
TGTCT 34.36 36.49 4.99 -8.49 -2.80 -1.88
TGTCG 34.23 35.73 5.28 -8.25 -2.39 -1.70
TGTCC 34.09 36.22 5.02 -7.71 -2.88 -2.20
TGGAA 33.80 36.04 4.97 -5.20 -0.87 -0.69
TGGAT 33.69 36.24 4.94 -5.70 -0.54 -0.96
TGGAG 33.85 35.80 5.02 -5.45 -0.86 -1.81
TGGAC 33.79 36.11 5.19 -5.78 -0.37 -2.08
TGGTA 34.30 34.38 5.13 -5.96 -0.68 -2.45
TGGTT 34.89 35.26 4.33 -8.86 -0.59 -3.30
TGGTG 34.81 34.27 4.84 -7.00 -0.68 -2.83
TGGTC 34.30 34.68 4.84 -6.17 -0.69 -2.73
TGGGA 33.23 33.69 4.93 -2.42 -1.55 -0.93
TGGGT 33.53 34.63 4.66 -3.38 -2.00 -1.42
TGGGG 33.26 33.49 4.89 -2.02 -1.74 -2.10
TGGGC 33.45 33.75 4.96 -2.77 -2.07 -1.99
TGGCA 33.34 36.44 5.24 -2.98 -1.33 -1.81
TGGCT 33.35 37.62 4.53 -2.76 -2.44 -3.86
TGGCG 33.36 36.34 5.06 -2.98 -1.66 -1.90
TGGCC 33.23 37.04 4.93 -2.54 -1.76 -2.42
TGCAA 35.49 34.61 5.78 -3.80 -1.25 4.60
TGCAT 35.60 35.12 5.55 -3.73 -1.20 4.66
TGCAG 35.64 34.50 5.79 -3.68 -0.70 3.43
TGCAC 35.46 34.64 5.94 -3.74 -0.76 2.85
TGCTA 36.48 31.39 5.36 -1.60 -1.50 -2.09
TGCTT 37.13 32.29 4.61 -1.47 -3.31 -3.05
TGCTG 36.65 31.23 5.27 -1.72 -1.51 -1.86
TGCTC 36.61 31.46 5.10 -0.94 -2.29 -2.44
TGCGA 35.53 33.31 5.68 -3.81 -0.91 4.16
TGCGT 35.83 33.71 5.27 -4.25 -1.26 4.21
TGCGG 35.63 33.13 5.59 -4.13 -0.88 2.75
TGCGC 35.52 32.79 5.71 -3.94 -0.67 3.54
TGCCA 36.44 33.34 5.24 -2.98 -1.81 -1.33
TGCCT 36.26 34.03 4.82 -2.38 -2.41 -2.06
TGCCG 36.20 33.58 5.17 -3.11 -1.38 -1.26
TGCCC 36.27 33.82 5.02 -2.52 -1.81 -1.78
TCAAA 34.64 35.30 5.60 -10.28 5.24 -2.67
TCAAT 34.60 34.93 5.46 -10.92 7.05 -2.10
TCAAG 34.53 34.76 5.40 -9.98 5.51 -3.44
TCAAC 34.69 34.93 5.65 -10.22 5.39 -3.34
TCATA 35.10 31.46 5.84 -7.00 4.95 -3.24
TCATT 34.98 32.87 4.46 -9.02 3.80 -6.08
TCATG 35.00 31.75 5.27 -9.26 5.91 -4.44
TCATC 34.64 32.03 5.08 -7.37 4.02 -4.68
TCAGA 34.38 31.28 5.47 -6.32 4.43 -1.76
TCAGT 34.41 31.46 5.48 -7.10 4.75 -1.92
TCAGG 34.07 30.94 5.47 -5.31 3.63 -3.12
TCAGC 34.29 31.14 5.74 -6.36 4.93 -2.00
TCACA 34.48 33.59 5.84 -7.82 3.97 -2.33
TCACT 33.87 34.23 5.22 -7.10 3.56 -3.58
TCACG 34.66 33.80 5.71 -8.08 4.27 -2.49
TCACC 34.15 34.04 5.40 -7.04 3.82 -3.21
TCTAA 31.27 34.40 6.00 -6.61 -1.11 6.26
TCTAT 31.88 34.25 5.69 -7.03 -1.51 6.34
TCTAG 31.57 34.35 5.84 -6.98 -1.22 5.27
TCTAC 30.99 34.42 5.76 -6.38 -2.44 4.12
TCTTA 32.43 34.89 4.93 -8.51 -2.51 -3.37
TCTTT 33.18 36.69 4.02 -10.71 -3.21 -4.76
TCTTG 32.47 34.77 4.92 -9.12 -1.59 -3.37
TCTTC 32.42 35.03 4.52 -8.18 -2.28 -3.52
TCTGA 31.28 34.38 5.47 -6.32 -1.76 4.43
TCTGT 31.60 35.00 5.33 -7.00 -1.93 3.72
TCTGG 31.02 33.91 5.56 -6.09 -2.71 2.85
TCTGC 31.17 33.98 5.75 -6.69 -1.20 4.10
TCTCA 31.77 35.17 5.29 -6.62 -2.02 -1.29
TCTCT 31.70 35.80 5.00 -6.62 -1.87 -1.55
TCTCG 31.51 35.18 5.17 -6.80 -1.90 -1.21
TCTCC 31.48 35.79 4.92 -6.10 -2.23 -2.03
TCGAA 32.98 34.95 5.75 -5.99 5.38 0.19
TCGAT 32.77 35.76 5.23 -7.08 5.51 -0.54
TCGAG 33.01 35.17 5.42 -6.72 5.47 -1.20
TCGAC 33.06 35.51 5.64 -6.68 5.38 -1.63
TCGTA 33.73 33.57 5.61 -6.48 4.91 -1.92
TCGTT 33.66 34.71 4.80 -9.62 5.41 -2.49
TCGTG 33.99 33.77 5.29 -7.95 5.80 -2.18
TCGTC 33.65 34.18 5.16 -7.11 4.81 -2.39
TCGGA 32.77 33.64 5.36 -3.04 3.14 -0.81
TCGGT 32.64 34.18 5.02 -4.29 3.35 -0.94
TCGGG 32.86 33.58 5.22 -2.92 3.35 -1.75
TCGGC 32.47 32.95 5.43 -3.40 3.91 -0.99
TCGCA 33.31 35.53 5.68 -3.81 4.16 -0.91
TCGCT 32.44 36.83 5.19 -3.56 4.15 -2.29
TCGCG 32.65 35.66 5.42 -4.27 4.50 -1.33
TCGCC 32.60 36.20 5.40 -2.99 3.27 -1.65
TCCAA 33.66 34.57 5.42 -2.74 -1.03 2.70
TCCAT 33.69 34.46 5.34 -3.37 -0.26 4.34
TCCAG 33.74 33.98 5.31 -2.98 -0.76 2.80
TCCAC 33.75 34.34 5.58 -3.48 -0.49 2.75
TCCTA 34.64 31.66 4.98 -1.39 -0.97 -2.51
TCCTT 34.90 32.55 4.31 -1.33 -1.91 -3.38
TCCTG 34.22 31.21 4.92 -0.90 -1.05 -2.79
TCCTC 34.17 31.53 4.80 -0.44 -1.37 -2.86
TCCGA 33.64 32.77 5.36 -3.04 -0.81 3.14
TCCGT 34.60 33.01 5.06 -3.36 -2.10 2.56
TCCGG 33.60 32.84 5.39 -3.19 -0.62 1.31
TCCGC 33.51 32.42 5.27 -3.15 -0.89 2.40
TCCCA 33.69 33.23 4.93 -2.42 -0.93 -1.55
TCCCT 33.60 33.86 4.68 -1.76 -1.61 -2.51
TCCCG 34.12 33.56 4.95 -2.56 -0.91 -1.93
TCCCC 33.65 33.55 4.76 -1.44 -1.23 -2.33
GAAAA 36.32 37.00 4.35 -13.16 -3.67 -4.32
GAAAT 35.77 36.70 4.27 -12.09 -3.13 -4.40
GAAAG 35.91 36.10 4.36 -11.93 -3.00 -4.95
GAAAC 36.01 36.17 4.74 -12.76 -2.18 -3.35
GAATA 35.93 32.92 4.51 -10.01 -3.10 -4.85
GAATT 36.17 33.75 3.75 -11.18 -3.59 -6.49
GAATG 35.63 32.69 4.39 -9.43 -3.64 -5.91
GAATC 35.53 32.93 4.36 -9.46 -3.18 -5.55
GAAGA 35.03 32.42 4.52 -8.18 -3.52 -2.28
GAAGT 35.22 32.77 4.31 -8.83 -4.20 -3.34
GAAGG 34.75 32.02 4.63 -7.38 -3.82 -3.57
GAAGC 34.96 32.06 4.82 -8.01 -3.36 -2.79
GAACA 35.68 34.81 4.85 -10.91 -3.14 -2.74
GAACT 35.24 35.93 4.25 -10.45 -3.79 -4.54
GAACG 35.71 34.90 4.74 -11.06 -2.93 -2.93
GAACC 35.45 35.19 4.46 -10.08 -3.83 -3.59
GATAA 31.94 34.59 5.89 -7.66 -3.54 7.32
GATAT 32.32 35.01 5.40 -8.30 -3.98 6.33
GATAG 32.43 33.89 5.54 -8.88 -4.19 6.28
GATAC 32.10 34.46 5.65 -8.06 -3.62 5.72
GATTA 32.72 35.28 4.81 -10.25 -4.51 -2.32
GATTT 33.42 36.55 4.12 -12.27 -5.36 -2.43
GATTG 32.75 34.92 4.81 -10.33 -4.28 -2.12
GATTC 32.93 35.53 4.36 -9.46 -5.55 -3.18
GATGA 32.03 34.64 5.08 -7.37 -4.68 4.02
GATGT 32.37 35.37 4.82 -8.65 -4.91 5.15
GATGG 31.66 34.54 5.53 -7.48 -3.42 4.13
GATGC 31.96 34.59 5.38 -7.60 -4.24 3.67
GATCA 32.48 35.60 4.77 -7.81 -4.67 -1.37
GATCT 32.82 36.68 4.36 -8.23 -5.53 -1.69
GATCG 32.29 35.54 4.96 -7.79 -4.15 -0.57
GATCC 32.41 36.29 4.63 -7.56 -4.63 -1.67
GAGAA 31.51 36.61 4.67 -2.40 -2.79 -1.63
GAGAT 31.47 36.47 4.74 -2.78 -2.16 -1.46
GAGAG 31.39 35.65 4.93 -2.54 -1.93 -1.90
GAGAC 31.76 36.17 5.04 -3.46 -1.45 -1.85
GAGTA 31.76 34.56 4.69 -3.05 -2.76 -3.67
GAGTT 32.41 36.03 3.95 -5.23 -3.01 -4.38
GAGTG 31.79 34.12 4.78 -3.31 -1.98 -3.21
GAGTC 31.83 34.87 4.53 -3.11 -2.44 -3.57
GAGGA 31.53 34.17 4.80 -0.44 -2.86 -1.37
GAGGT 31.49 34.93 4.37 -0.88 -3.46 -2.35
GAGGG 31.33 33.87 4.78 -0.03 -2.73 -2.62
GAGGC 31.38 33.92 4.85 -0.70 -2.42 -2.18
GAGCA 31.46 36.61 5.10 -0.94 -2.44 -2.29
GAGCT 31.33 37.66 4.63 -0.83 -2.86 -3.25
GAGCG 31.47 36.68 5.02 -1.32 -1.89 -1.98
GAGCC 31.39 37.09 4.67 -0.53 -2.76 -3.07
GACAA 33.76 34.98 5.57 -7.48 -1.95 6.28
GACAT 34.24 35.42 5.02 -7.10 -2.83 4.90
GACAG 34.25 34.79 5.26 -6.88 -2.46 3.98
GACAC 34.03 34.92 5.49 -7.25 -2.01 4.23
GACTA 34.57 31.53 5.08 -3.90 -2.07 -1.00
GACTT 35.44 33.16 3.74 -4.07 -5.04 -4.01
GACTG 34.65 31.46 5.00 -3.96 -2.08 -1.40
GACTC 34.87 31.83 4.53 -3.11 -3.57 -2.44
GACGA 34.18 33.65 5.16 -7.11 -2.39 4.81
GACGT 34.58 34.30 4.70 -7.92 -3.06 5.05
GACGG 34.10 33.08 5.10 -7.15 -2.46 3.11
GACGC 34.21 33.02 5.09 -7.38 -2.45 4.23
GACCA 34.68 34.30 4.84 -6.17 -2.73 -0.69
GACCT 34.84 35.04 4.18 -5.67 -3.96 -2.46
GACCG 34.65 34.17 4.69 -5.99 -2.77 -0.84
GACCC 34.81 34.36 4.45 -5.33 -3.44 -1.78
GTAAA 34.25 35.53 5.91 -11.89 6.47 -0.99
GTAAT 34.68 35.53 5.44 -11.34 5.03 -2.51
GTAAG 34.34 34.87 5.62 -10.31 5.90 -3.24
GTAAC 34.23 35.06 5.86 -10.83 5.89 -2.71
GTATA 34.63 31.78 6.01 -7.88 5.60 -2.80
GTATT 34.79 32.78 5.30 -10.45 6.24 -4.27
GTATG 34.49 31.46 5.93 -8.42 6.01 -2.99
GTATC 34.46 32.10 5.65 -8.06 5.72 -3.62
GTAGA 34.42 30.99 5.76 -6.38 4.12 -2.44
GTAGT 34.24 31.68 5.62 -8.16 4.89 -1.63
GTAGG 34.06 31.41 5.76 -6.19 4.46 -2.71
GTAGC 34.48 31.25 5.88 -6.96 4.45 -2.28
GTACA 34.52 33.68 6.20 -8.00 4.26 -1.75
GTACT 33.82 34.74 5.54 -8.16 4.94 -2.73
GTACG 34.20 33.97 5.93 -8.84 4.68 -2.11
GTACC 34.23 34.34 5.84 -8.12 4.32 -2.37
GTTAA 35.05 34.36 5.85 -10.44 -2.86 7.53
GTTAT 35.50 34.54 5.62 -10.51 -3.50 6.14
GTTAG 35.18 34.54 5.80 -10.65 -2.89 5.73
GTTAC 35.06 34.23 5.86 -10.83 -2.71 5.89
GTTTA 36.40 35.72 5.10 -13.54 -2.84 -1.29
GTTTT 36.95 37.13 4.05 -14.47 -4.80 -3.62
GTTTG 36.33 35.28 4.95 -13.10 -3.27 -2.42
GTTTC 36.17 36.01 4.74 -12.76 -3.35 -2.18
GTTGA 34.93 34.69 5.65 -10.22 -3.34 5.39
GTTGT 35.25 35.22 5.58 -11.70 -3.26 6.20
GTTGG 31.76 34.44 5.42 -9.80 -1.94 6.57
GTTGC 35.02 34.80 5.70 -10.75 -2.98 4.66
GTTCA 35.57 35.12 5.35 -10.38 -2.98 0.09
GTTCT 35.70 36.45 4.85 -10.59 -3.03 -0.56
GTTCG 35.58 35.61 5.10 -10.48 -3.31 -0.26
GTTCC 35.48 36.02 4.84 -9.91 -3.78 -1.77
GTGAA 34.78 34.80 5.94 -6.21 4.07 0.69
GTGAT 34.03 35.64 5.35 -6.53 3.72 -0.51
GTGAG 34.48 34.92 5.80 -6.50 4.33 -0.77
GTGAC 34.60 35.33 6.01 -6.82 4.03 -1.42
GTGTA 34.99 33.60 5.74 -6.58 3.40 -2.01
GTGTT 35.07 34.68 5.05 -9.40 4.19 -2.42
GTGTG 35.12 33.35 5.73 -8.16 5.01 -1.37
GTGTC 34.92 34.03 5.49 -7.25 4.23 -2.01
GTGGA 34.34 33.75 5.58 -3.48 2.75 -0.49
GTGGT 34.18 34.37 5.38 -5.00 3.35 -0.49
GTGGG 34.09 33.55 5.41 -2.94 2.54 -1.85
GTGGC 34.20 33.11 5.46 -4.03 3.09 -1.52
GTGCA 34.64 35.46 5.94 -3.74 2.85 -0.76
GTGCT 34.03 36.67 5.43 -3.79 2.81 -1.72
GTGCG 34.69 35.54 5.88 -4.13 3.27 -0.64
GTGCC 34.22 36.31 5.66 -3.41 3.05 -1.35
GTCAA 34.78 34.61 5.91 -7.07 -0.77 6.83
GTCAT 35.47 35.10 5.45 -6.37 -2.06 5.16
GTCAG 35.20 34.37 5.67 -6.43 -1.29 4.57
GTCAC 35.33 34.60 6.01 -6.82 -1.42 4.03
GTCTA 36.16 31.64 5.32 -3.62 -1.45 -1.45
GTCTT 36.40 32.56 4.65 -3.82 -2.37 -2.15
GTCTG 36.44 31.42 5.22 -3.97 -1.52 -1.18
GTCTC 36.17 31.76 5.04 -3.46 -1.85 -1.45
GTCGA 35.51 33.06 5.64 -6.68 -1.63 5.38
GTCGT 35.70 33.73 5.34 -6.61 -2.42 5.01
GTCGG 35.42 32.81 5.54 -6.74 -1.52 3.41
GTCGC 35.46 32.70 5.56 -6.90 -1.39 4.64
GTCCA 36.11 33.79 5.19 -5.78 -2.08 -0.37
GTCCT 36.03 34.49 4.81 -5.39 -2.19 -0.96
GTCCG 36.17 33.80 5.08 -6.07 -1.73 -0.51
GTCCC 35.97 33.99 4.90 -5.28 -2.34 -0.93
GGAAA 36.46 35.97 4.63 -10.09 -1.41 -3.36
GGAAT 35.99 35.60 4.69 -9.61 -0.88 -3.73
GGAAG 35.39 35.02 4.63 -9.44 -0.61 -3.81
GGAAC 36.02 35.48 4.84 -9.91 -1.77 -3.78
GGATA 36.04 32.31 4.98 -7.47 -1.31 -4.17
GGATT 36.57 33.31 4.19 -9.67 -0.90 -5.81
GGATG 36.16 32.03 4.84 -7.65 -1.14 -4.71
GGATC 36.29 32.41 4.63 -7.56 -1.67 -4.63
GGAGA 35.79 31.48 4.92 -6.10 -2.03 -2.23
GGAGT 35.76 31.81 4.73 -6.75 -2.04 -2.84
GGAGG 35.57 31.42 4.93 -5.75 -1.91 -3.27
GGAGC 35.75 31.38 5.05 -6.07 -1.59 -2.75
GGACA 36.22 34.09 5.02 -7.71 -2.20 -2.88
GGACT 35.78 34.97 4.51 -7.34 -2.46 -4.26
GGACG 36.13 34.01 5.02 -8.11 -1.80 -2.49
GGACC 35.80 34.71 4.80 -7.55 -2.12 -3.32
GGTAA 34.56 34.64 5.43 -7.21 -3.71 5.01
GGTAT 34.69 34.56 5.46 -8.36 -2.59 5.39
GGTAG 34.52 34.30 5.55 -8.07 -2.63 4.24
GGTAC 34.34 34.23 5.84 -8.12 -2.37 4.32
GGTTA 35.30 35.08 4.87 -10.83 -3.26 -3.03
GGTTT 36.20 36.34 4.06 -12.41 -4.65 -3.75
GGTTG 35.52 31.89 4.82 -4.14 -3.18 -2.06
GGTTC 35.19 35.45 4.46 -10.08 -3.59 -3.83
GGTGA 34.04 34.15 5.40 -7.04 -3.21 3.82
GGTGT 34.36 34.83 5.31 -8.57 -2.95 3.95
GGTGG 33.92 34.27 5.56 -7.11 -2.55 2.46
GGTGC 34.16 34.26 5.56 -7.89 -2.69 2.97
GGTCA 34.83 35.47 4.94 -7.96 -3.46 -2.01
GGTCT 34.74 36.10 4.73 -8.04 -3.14 -1.90
GGTCG 34.74 35.73 4.82 -8.09 -3.50 -2.17
GGTCC 34.71 35.80 4.80 -7.55 -3.32 -2.12
GGGAA 33.66 36.01 4.73 -4.39 -1.61 -0.97
GGGAT 33.66 36.09 4.81 -4.91 -1.06 -1.49
GGGAG 33.49 35.58 4.85 -4.60 -1.00 -1.87
GGGAC 33.99 35.97 4.90 -5.28 -0.93 -2.34
GGGTA 34.33 34.53 4.71 -5.01 -1.79 -3.44
GGGTT 34.89 35.80 4.03 -7.68 -1.38 -4.18
GGGTG 34.41 34.14 4.77 -5.89 -1.08 -2.99
GGGTC 34.36 34.81 4.45 -5.33 -1.78 -3.44
GGGGA 33.55 33.65 4.76 -1.44 -2.33 -1.23
GGGGT 33.44 34.28 4.58 -2.37 -2.40 -1.80
GGGGG 33.25 33.41 4.75 -1.03 -2.24 -2.41
GGGGC 33.56 33.68 4.82 -2.13 -2.02 -1.96
GGGCA 33.82 36.27 5.02 -2.52 -1.78 -1.81
GGGCT 33.51 37.30 4.61 -2.48 -1.98 -2.95
GGGCG 33.85 36.18 4.96 -2.89 -1.63 -1.66
GGGCC 33.57 36.61 4.77 -1.93 -2.36 -2.40
GGCAA 36.34 34.50 5.30 -3.14 -2.26 3.97
GGCAT 36.28 34.66 5.33 -3.12 -1.93 4.26
GGCAG 36.22 33.75 5.41 -3.20 -1.34 3.38
GGCAC 36.31 34.22 5.66 -3.41 -1.35 3.05
GGCTA 37.31 31.35 5.00 -1.22 -2.39 -2.77
GGCTT 37.74 32.49 4.17 -1.55 -4.34 -3.70
GGCTG 37.17 31.16 4.95 -1.20 -2.29 -2.64
GGCTC 37.09 31.39 4.67 -0.53 -3.07 -2.76
GGCGA 36.20 32.60 5.40 -2.99 -1.65 3.27
GGCGT 36.67 33.32 5.08 -3.63 -2.09 3.67
GGCGG 36.31 32.31 5.29 -3.13 -2.02 1.79
GGCGC 36.24 32.32 5.41 -3.39 -1.71 2.85
GGCCA 37.04 33.23 4.93 -2.54 -2.42 -1.76
GGCCT 36.64 33.71 4.72 -2.20 -2.34 -1.89
GGCCG 36.85 33.23 4.96 -2.72 -2.00 -1.30
GGCCC 36.61 33.57 4.77 -1.93 -2.40 -2.36
GCAAA 34.35 35.29 5.41 -10.88 3.96 -3.68
GCAAT 34.49 35.34 5.15 -10.60 3.90 -2.92
GCAAG 34.37 34.89 5.45 -9.90 4.47 -3.39
GCAAC 34.80 35.02 5.70 -10.75 4.66 -2.98
GCATA 34.78 31.62 5.76 -8.11 5.20 -2.97
GCATT 35.25 32.67 4.89 -9.59 3.59 -5.22
GCATG 34.82 31.54 5.50 -9.43 4.69 -3.87
GCATC 34.59 31.96 5.38 -7.60 3.67 -4.24
GCAGA 33.98 31.17 5.75 -6.69 4.10 -1.20
GCAGT 33.95 31.49 5.40 -7.79 3.67 -1.42
GCAGG 33.94 31.18 5.52 -5.92 2.96 -3.15
GCAGC 34.49 31.29 5.67 -6.76 3.55 -2.09
GCACA 35.01 33.55 5.94 -8.30 3.31 -1.85
GCACT 33.99 34.58 5.30 -7.68 2.74 -3.54
GCACG 34.75 33.78 5.74 -8.40 3.22 -2.27
GCACC 34.26 34.16 5.56 -7.89 2.97 -2.69
GCTAA 31.43 34.68 5.82 -6.12 -2.69 5.63
GCTAT 31.21 34.96 5.37 -6.84 -2.59 4.96
GCTAG 31.36 34.66 5.67 -6.54 -2.24 4.03
GCTAC 31.25 34.48 5.88 -6.96 -2.28 4.45
GCTTA 32.17 34.85 5.01 -8.92 -2.56 -2.87
GCTTT 32.81 36.56 4.03 -10.58 -3.95 -5.07
GCTTG 32.11 34.57 4.94 -8.63 -2.39 -3.44
GCTTC 32.06 34.96 4.82 -8.01 -2.79 -3.36
GCTGA 31.14 34.29 5.74 -6.36 -2.00 4.93
GCTGT 31.35 35.03 5.31 -7.34 -2.10 5.07
GCTGG 30.94 34.09 5.53 -5.87 -2.45 2.75
GCTGC 31.29 34.49 5.67 -6.76 -2.09 3.55
GCTCA 31.45 34.81 5.40 -6.75 -2.11 -0.90
GCTCT 31.62 35.84 5.04 -6.50 -2.48 -1.41
GCTCG 31.41 35.31 5.20 -6.78 -2.22 -1.22
GCTCC 31.38 35.75 5.05 -6.07 -2.75 -1.59
GCGAA 32.71 35.53 5.53 -6.08 3.79 -0.23
GCGAT 32.49 35.82 5.28 -6.96 4.15 -0.66
GCGAG 32.59 35.13 5.46 -6.31 4.38 -1.17
GCGAC 32.70 35.46 5.56 -6.90 4.64 -1.39
GCGTA 33.14 33.93 5.32 -7.22 4.31 -2.07
GCGTT 33.41 35.06 4.64 -9.91 4.64 -2.93
GCGTG 33.34 33.73 5.25 -7.98 4.71 -2.23
GCGTC 33.02 34.21 5.09 -7.38 4.23 -2.45
GCGGA 32.42 33.51 5.27 -3.15 2.40 -0.89
GCGGT 32.31 34.31 5.08 -4.55 2.79 -0.62
GCGGG 32.30 33.41 5.30 -2.75 2.34 -1.73
GCGGC 32.46 33.44 5.37 -3.73 2.78 -1.31
GCGCA 32.79 35.52 5.71 -3.94 3.54 -0.67
GCGCT 32.08 36.76 5.18 -3.87 2.89 -1.92
GCGCG 32.44 35.70 5.54 -4.22 3.12 -1.15
GCGCC 32.32 36.24 5.41 -3.39 2.85 -1.71
GCCAA 33.00 34.72 5.56 -3.85 -1.23 4.45
GCCAT 33.39 34.93 5.23 -3.12 -2.18 3.68
GCCAG 33.53 34.28 5.43 -3.34 -1.52 2.79
GCCAC 33.11 34.20 5.46 -4.03 -1.52 3.09
GCCTA 34.04 31.51 4.97 -1.23 -1.96 -2.47
GCCTT 34.57 32.34 4.51 -1.50 -2.62 -2.75
GCCTG 33.99 31.14 4.94 -1.28 -1.61 -2.26
GCCTC 33.92 31.38 4.85 -0.70 -2.18 -2.42
GCCGA 32.95 32.47 5.43 -3.40 -0.99 3.91
GCCGT 33.79 33.55 5.08 -3.97 -1.58 3.91
GCCGG 33.41 32.61 5.36 -3.58 -1.33 2.08
GCCGC 33.44 32.46 5.37 -3.73 -1.31 2.78
GCCCA 33.75 33.45 4.96 -2.77 -1.99 -2.07
GCCCT 33.54 34.00 4.73 -1.88 -2.16 -2.27
GCCCG 33.78 33.44 4.95 -2.73 -1.71 -1.70
GCCCC 33.68 33.56 4.82 -2.13 -1.96 -2.02
CAAAA 35.51 36.92 4.76 -13.79 -2.19 -2.76
CAAAT 35.49 37.28 4.12 -13.36 -3.54 -4.68
CAAAG 35.41 36.30 4.52 -12.85 -2.80 -4.84
CAAAC 35.28 36.33 4.95 -13.10 -2.42 -3.27
CAATA 35.12 32.40 5.02 -9.70 -2.87 -3.90
CAATT 35.62 33.37 4.24 -11.93 -2.97 -5.32
CAATG 35.08 32.41 4.69 -10.42 -2.63 -4.37
CAATC 34.92 32.75 4.81 -10.33 -2.12 -4.28
CAAGA 34.77 32.47 4.92 -9.12 -3.37 -1.59
CAAGT 34.94 33.13 4.52 -10.21 -3.59 -2.35
CAAGG 34.98 32.51 4.65 -9.16 -3.66 -2.93
CAAGC 34.57 32.11 4.94 -8.63 -3.44 -2.39
CAACA 35.19 34.70 5.24 -11.69 -2.78 -2.50
CAACT 34.76 36.24 4.38 -11.29 -3.88 -4.47
CAACG 35.01 35.10 4.98 -11.71 -2.97 -2.83
CAACC 31.89 35.52 4.82 -4.14 -2.06 -3.18
CATAA 31.48 34.54 6.02 -8.06 -3.28 7.92
CATAT 32.04 35.37 5.32 -8.33 -4.26 5.85
CATAG 31.84 35.03 5.53 -8.20 -3.65 5.41
CATAC 31.46 34.49 5.93 -8.42 -2.99 6.01
CATTA 32.40 35.43 4.90 -10.52 -4.86 -2.15
CATTT 33.42 36.86 3.84 -11.76 -7.00 -4.21
CATTG 32.41 35.08 4.69 -10.42 -4.37 -2.63
CATTC 32.69 35.63 4.39 -9.43 -5.91 -3.64
CATGA 31.75 35.00 5.27 -9.26 -4.44 5.91
CATGT 32.00 35.70 4.99 -10.15 -4.67 5.73
CATGG 31.61 34.66 5.34 -9.01 -4.03 3.95
CATGC 31.54 34.82 5.50 -9.43 -3.87 4.69
CATCA 31.93 35.36 5.22 -8.13 -3.98 -0.46
CATCT 32.25 36.48 4.66 -7.85 -5.19 -1.27
CATCG 32.14 35.83 4.94 -8.32 -4.47 -0.95
CATCC 32.03 36.16 4.84 -7.65 -4.71 -1.14
CAGAA 31.59 36.46 5.14 -3.52 -1.90 -0.54
CAGAT 31.12 36.37 4.98 -2.70 -2.27 -0.33
CAGAG 31.18 35.60 5.14 -3.06 -1.81 -1.00
CAGAC 31.42 36.44 5.22 -3.97 -1.18 -1.52
CAGTA 31.52 34.47 5.13 -4.20 -1.74 -2.15
CAGTT 31.73 35.45 4.49 -5.42 -1.85 -3.28
CAGTG 31.61 34.30 4.98 -4.52 -1.18 -2.39
CAGTC 31.46 34.65 5.00 -3.96 -1.40 -2.08
CAGGA 31.21 34.22 4.92 -0.90 -2.79 -1.05
CAGGT 31.38 35.08 4.54 -1.68 -2.97 -1.63
CAGGG 31.11 34.07 4.85 -0.14 -3.39 -2.88
CAGGC 31.14 33.99 4.94 -1.28 -2.26 -1.61
CAGCA 31.23 36.65 5.27 -1.72 -1.86 -1.51
CAGCT 31.01 37.48 4.80 -1.38 -2.54 -2.49
CAGCG 31.20 36.67 5.13 -1.72 -1.93 -1.69
CAGCC 31.16 37.17 4.95 -1.20 -2.64 -2.29
CACAA 33.59 35.72 5.20 -8.23 -2.40 6.07
CACAT 33.53 35.86 5.15 -8.83 -2.22 6.57
CACAG 33.74 35.20 5.32 -8.12 -2.15 4.99
CACAC 33.35 35.12 5.73 -8.16 -1.37 5.01
CACTA 34.28 31.70 5.11 -4.24 -2.73 -1.38
CACTT 34.91 33.10 4.14 -4.48 -4.51 -2.79
CACTG 34.30 31.61 4.98 -4.52 -2.39 -1.18
CACTC 34.12 31.79 4.78 -3.31 -3.21 -1.98
CACGA 33.77 33.99 5.29 -7.95 -2.18 5.80
CACGT 34.05 34.48 4.85 -8.78 -3.13 5.64
CACGG 33.81 33.70 5.10 -8.46 -2.43 4.06
CACGC 33.73 33.34 5.25 -7.98 -2.23 4.71
CACCA 34.27 34.81 4.84 -7.00 -2.83 -0.68
CACCT 34.31 35.25 4.42 -6.64 -3.26 -1.65
CACCG 34.05 34.36 4.92 -6.56 -2.48 -0.28
CACCC 34.14 34.41 4.77 -5.89 -2.99 -1.08
CTAAA 34.35 35.72 5.82 -11.18 6.08 -1.41
CTAAT 34.46 35.33 5.57 -11.58 7.71 -1.62
CTAAG 34.71 35.04 5.49 -10.31 6.02 -3.25
CTAAC 34.54 35.18 5.80 -10.65 5.73 -2.89
CTATA 34.63 31.96 5.79 -7.69 5.66 -3.10
CTATT 35.89 33.54 4.65 -11.61 3.47 -5.98
CTATG 35.03 31.84 5.53 -8.20 5.41 -3.65
CTATC 33.89 32.43 5.54 -8.88 6.28 -4.19
CTAGA 34.35 31.57 5.84 -6.98 5.27 -1.22
CTAGT 35.00 32.22 5.13 -7.44 3.55 -2.86
CTAGG 34.19 31.47 5.69 -6.51 4.92 -2.23
CTAGC 34.66 31.36 5.67 -6.54 4.03 -2.24
CTACA 35.06 33.91 5.74 -8.60 3.24 -3.23
CTACT 34.13 35.18 5.20 -8.16 4.64 -4.12
CTACG 34.25 34.02 5.77 -8.43 4.93 -2.16
CTACC 34.30 34.52 5.55 -8.07 4.24 -2.63
CTTAA 34.68 34.81 5.58 -9.57 -3.71 6.23
CTTAT 35.03 35.15 5.48 -10.54 -3.47 6.31
CTTAG 35.04 34.71 5.49 -10.31 -3.25 6.02
CTTAC 34.87 34.34 5.62 -10.31 -3.24 5.90
CTTTA 36.11 35.70 4.70 -12.85 -3.87 -1.56
CTTTT 37.18 37.02 3.68 -14.68 -6.47 -4.23
CTTTG 36.30 35.41 4.52 -12.85 -4.84 -2.80
CTTTC 36.10 35.91 4.36 -11.93 -4.95 -3.00
CTTGA 34.76 34.53 5.40 -9.98 -3.44 5.51
CTTGT 35.05 35.43 5.19 -10.72 -3.95 5.65
CTTGG 34.56 34.61 5.31 -9.71 -3.40 4.48
CTTGC 34.89 34.37 5.45 -9.90 -3.39 4.47
CTTCA 35.14 35.10 5.15 -10.24 -3.01 0.22
CTTCT 35.47 36.79 4.50 -10.30 -4.10 -1.65
CTTCG 35.11 35.23 4.92 -9.80 -3.70 -0.16
CTTCC 35.02 35.39 4.63 -9.44 -3.81 -0.61
CTGAA 34.21 35.08 5.93 -5.95 5.37 0.57
CTGAT 34.24 35.80 5.34 -6.55 4.36 -0.36
CTGAG 34.47 34.84 5.56 -6.08 4.27 -0.89
CTGAC 34.37 35.20 5.67 -6.43 4.57 -1.29
CTGTA 34.82 33.82 5.41 -6.49 3.96 -1.95
CTGTT 34.91 34.88 4.95 -9.26 5.23 -2.40
CTGTG 35.20 33.74 5.32 -8.12 4.99 -2.15
CTGTC 34.79 34.25 5.26 -6.88 3.98 -2.46
CTGGA 33.98 33.74 5.31 -2.98 2.80 -0.76
CTGGT 34.21 34.39 5.19 -4.44 3.13 -0.64
CTGGG 33.88 33.54 5.39 -2.47 2.42 -1.97
CTGGC 34.28 33.53 5.43 -3.34 2.79 -1.52
CTGCA 34.50 35.64 5.79 -3.68 3.43 -0.70
CTGCT 33.86 36.97 5.16 -3.60 3.76 -2.72
CTGCG 34.24 35.64 5.67 -3.85 3.64 -0.89
CTGCC 33.75 36.22 5.41 -3.20 3.38 -1.34
CTCAA 34.56 34.65 5.90 -6.36 -0.68 5.89
CTCAT 35.10 34.93 5.23 -6.05 -1.52 5.69
CTCAG 34.84 34.47 5.56 -6.08 -0.89 4.27
CTCAC 34.92 34.48 5.80 -6.50 -0.77 4.33
CTCTA 35.31 31.40 5.41 -3.22 -0.44 -1.35
CTCTT 35.92 32.31 4.68 -3.22 -1.36 -1.76
CTCTG 35.60 31.18 5.14 -3.06 -1.00 -1.81
CTCTC 35.65 31.39 4.93 -2.54 -1.90 -1.93
CTCGA 35.17 33.01 5.42 -6.72 -1.20 5.47
CTCGT 35.94 33.69 5.13 -6.50 -2.01 4.47
CTCGG 34.73 32.31 5.65 -6.12 -0.49 4.60
CTCGC 35.13 32.59 5.46 -6.31 -1.17 4.38
CTCCA 35.80 33.85 5.02 -5.45 -1.81 -0.86
CTCCT 36.23 34.13 4.63 -4.81 -2.62 -1.32
CTCCG 35.79 33.51 5.01 -5.07 -1.83 -0.61
CTCCC 35.58 33.49 4.85 -4.60 -1.87 -1.00
CGAAA 35.62 35.88 4.98 -10.58 -0.38 -2.61
CGAAT 35.52 35.86 4.88 -10.56 -0.24 -2.98
CGAAG 35.23 35.11 4.92 -9.80 -0.16 -3.70
CGAAC 35.61 35.58 5.10 -10.48 -0.26 -3.31
CGATA 35.68 31.89 5.32 -7.63 -0.47 -3.35
CGATT 36.19 32.89 4.56 -9.51 -0.80 -4.90
CGATG 35.83 32.14 4.94 -8.32 -0.95 -4.47
CGATC 35.54 32.29 4.96 -7.79 -0.57 -4.15
CGAGA 35.18 31.51 5.17 -6.80 -1.21 -1.90
CGAGT 35.21 31.96 4.93 -7.78 -1.04 -1.90
CGAGG 34.97 31.50 5.18 -6.32 -1.26 -2.80
CGAGC 35.31 31.41 5.20 -6.78 -1.22 -2.22
CGACA 35.73 34.23 5.28 -8.25 -1.70 -2.39
CGACT 35.38 35.27 4.59 -8.15 -2.31 -4.46
CGACG 35.57 34.26 5.19 -8.49 -1.47 -2.51
CGACC 35.73 34.74 4.82 -8.09 -2.17 -3.50
CGTAA 33.58 34.26 6.11 -7.71 -1.95 6.35
CGTAT 34.16 34.59 5.53 -9.05 -2.22 5.89
CGTAG 34.02 34.25 5.77 -8.43 -2.16 4.93
CGTAC 33.97 34.20 5.93 -8.84 -2.11 4.68
CGTTA 34.89 35.27 5.15 -11.31 -2.83 -2.63
CGTTT 35.48 36.57 4.43 -13.15 -3.27 -2.94
CGTTG 35.10 35.01 4.98 -11.71 -2.83 -2.97
CGTTC 34.90 35.71 4.74 -11.06 -2.93 -2.93
CGTGA 33.80 34.66 5.71 -8.08 -2.49 4.27
CGTGT 33.84 35.35 5.47 -9.43 -2.25 4.66
CGTGG 33.53 34.18 5.64 -7.87 -2.34 3.23
CGTGC 33.78 34.75 5.74 -8.40 -2.27 3.22
CGTCA 34.29 35.16 5.39 -8.47 -2.40 -1.16
CGTCT 34.44 36.41 4.83 -8.81 -2.95 -2.02
CGTCG 34.26 35.57 5.19 -8.49 -2.51 -1.47
CGTCC 34.01 36.13 5.02 -8.11 -2.49 -1.80
CGGAA 34.24 35.82 5.09 -5.36 -1.46 -1.80
CGGAT 32.93 36.59 4.47 -4.49 -2.34 -2.07
CGGAG 33.51 35.79 5.01 -5.07 -0.61 -1.83
CGGAC 33.80 36.17 5.08 -6.07 -0.51 -1.73
CGGTA 34.27 34.43 4.96 -5.99 -0.83 -2.35
CGGTT 34.48 35.23 4.36 -7.97 -0.65 -3.13
CGGTG 34.36 34.05 4.92 -6.56 -0.28 -2.48
CGGTC 34.17 34.65 4.69 -5.99 -0.84 -2.77
CGGGA 33.56 34.12 4.95 -2.56 -1.93 -0.91
CGGGT 33.51 34.56 4.70 -3.53 -1.76 -0.94
CGGGG 33.22 33.62 4.94 -1.95 -1.77 -1.76
CGGGC 33.44 33.78 4.95 -2.73 -1.70 -1.71
CGGCA 33.58 36.20 5.17 -3.11 -1.26 -1.38
CGGCT 33.27 37.23 4.83 -3.04 -1.44 -2.14
CGGCG 33.59 36.24 5.09 -3.17 -1.33 -1.46
CGGCC 33.23 36.85 4.96 -2.72 -1.30 -2.00
CGCAA 35.42 34.85 5.81 -4.14 -0.77 4.82
CGCAT 35.58 35.00 5.60 -4.03 -0.76 5.09
CGCAG 35.64 34.24 5.67 -3.85 -0.89 3.64
CGCAC 35.54 34.69 5.88 -4.13 -0.64 3.27
CGCTA 36.72 31.38 5.22 -1.63 -1.71 -2.20
CGCTT 37.15 32.27 4.63 -1.91 -2.72 -2.38
CGCTG 36.67 31.20 5.13 -1.72 -1.69 -1.93
CGCTC 36.68 31.47 5.02 -1.32 -1.98 -1.89
CGCGA 35.66 32.65 5.42 -4.27 -1.33 4.50
CGCGT 35.90 33.20 5.20 -4.73 -1.39 4.51
CGCGG 35.54 32.35 5.51 -4.25 -1.05 2.68
CGCGC 35.70 32.44 5.54 -4.22 -1.15 3.12
CGCCA 36.34 33.36 5.06 -2.98 -1.90 -1.66
CGCCT 36.31 34.34 4.77 -2.82 -2.16 -2.10
CGCCG 36.24 33.59 5.09 -3.17 -1.46 -1.33
CGCCC 36.18 33.85 4.96 -2.89 -1.66 -1.63
CCAAA 34.57 35.20 5.42 -9.32 2.51 -3.10
CCAAT 34.40 34.93 5.30 -10.72 5.06 -2.07
CCAAG 34.61 34.56 5.31 -9.71 4.48 -3.40
CCAAC 34.44 31.76 5.42 -9.80 6.57 -1.94
CCATA 34.97 31.26 5.88 -6.69 3.24 -2.84
CCATT 34.87 32.12 5.08 -8.98 3.60 -4.16
CCATG 34.66 31.61 5.34 -9.01 3.95 -4.03
CCATC 34.54 31.66 5.53 -7.48 4.13 -3.42
CCAGA 33.91 31.02 5.56 -6.09 2.85 -2.71
CCAGT 34.39 31.51 5.32 -7.24 3.06 -1.82
CCAGG 34.05 31.17 5.40 -5.54 2.39 -2.87
CCAGC 34.09 30.94 5.53 -5.87 2.75 -2.45
CCACA 34.79 33.07 5.80 -7.33 2.59 -1.82
CCACT 34.11 34.38 5.31 -7.40 2.64 -2.95
CCACG 34.18 33.53 5.64 -7.87 3.23 -2.34
CCACC 34.27 33.92 5.56 -7.11 2.46 -2.55
CCTAA 31.45 34.35 5.96 -5.77 -2.83 5.87
CCTAT 31.71 34.50 5.60 -6.87 -2.45 5.54
CCTAG 31.47 34.19 5.69 -6.51 -2.23 4.92
CCTAC 31.41 34.06 5.76 -6.19 -2.71 4.46
CCTTA 32.34 34.66 4.81 -8.13 -4.02 -3.71
CCTTT 32.79 35.88 4.05 -9.21 -5.06 -4.80
CCTTG 32.51 34.98 4.65 -9.16 -2.93 -3.66
CCTTC 32.02 34.75 4.63 -7.38 -3.57 -3.82
CCTGA 30.94 34.07 5.47 -5.31 -3.12 3.63
CCTGT 31.34 34.61 5.29 -6.78 -2.48 4.68
CCTGG 31.17 34.05 5.40 -5.54 -2.87 2.39
CCTGC 31.18 33.94 5.52 -5.92 -3.15 2.96
CCTCA 31.54 34.61 5.30 -6.36 -2.49 -0.98
CCTCT 31.44 35.39 4.97 -6.38 -2.60 -1.11
CCTCG 31.50 34.97 5.18 -6.32 -2.80 -1.26
CCTCC 31.42 35.57 4.93 -5.75 -3.27 -1.91
CCGAA 32.67 35.61 5.38 -6.08 2.76 -0.53
CCGAT 32.57 35.60 5.25 -7.15 3.63 -0.66
CCGAG 32.31 34.73 5.65 -6.12 4.60 -0.49
CCGAC 32.81 35.42 5.54 -6.74 3.41 -1.52
CCGTA 33.27 33.73 5.33 -6.70 2.74 -2.19
CCGTT 33.45 35.14 4.62 -10.04 3.74 -3.07
CCGTG 33.70 33.81 5.10 -8.46 4.06 -2.43
CCGTC 33.08 34.10 5.10 -7.15 3.11 -2.46
CCGGA 32.84 33.60 5.39 -3.19 1.31 -0.62
CCGGT 32.44 34.12 5.16 -5.03 2.54 -0.44
CCGGG 32.53 33.24 5.19 -3.26 1.93 -1.59
CCGGC 32.61 33.41 5.36 -3.58 2.08 -1.33
CCGCA 33.13 35.63 5.59 -4.13 2.75 -0.88
CCGCT 32.34 36.72 5.15 -3.78 2.44 -1.90
CCGCG 32.35 35.54 5.51 -4.25 2.68 -1.05
CCGCC 32.31 36.31 5.29 -3.13 1.79 -2.02
CCCAA 32.76 34.28 5.44 -3.45 -0.64 6.64
CCCAT 33.45 34.56 5.19 -2.37 -2.51 3.38
CCCAG 33.54 33.88 5.39 -2.47 -1.97 2.42
CCCAC 33.55 34.09 5.41 -2.94 -1.85 2.54
CCCTA 34.12 31.16 4.99 -0.56 -2.27 -2.67
CCCTT 34.22 31.94 4.42 -0.14 -3.54 -3.37
CCCTG 34.07 31.11 4.85 -0.14 -2.88 -3.39
CCCTC 33.87 31.33 4.78 -0.03 -2.62 -2.73
CCCGA 33.58 32.86 5.22 -2.92 -1.75 3.35
CCCGT 33.75 33.23 4.92 -2.81 -2.05 2.76
CCCGG 33.24 32.53 5.19 -3.26 -1.59 1.93
CCCGC 33.41 32.30 5.30 -2.75 -1.73 2.34
CCCCA 33.49 33.26 4.89 -2.02 -2.10 -1.74
CCCCT 33.61 33.78 4.62 -1.32 -2.41 -2.55
CCCCG 33.62 33.22 4.94 -1.95 -1.76 -1.77
CCCCC 33.41 33.25 4.75 -1.03 -2.41 -2.24
